140
792
915
582
709
994
838
705
290
538
14
291
842
368
799
869
808
875
135
594
155
812
49
377
634
345
189
945
437
394
375
444
410
848
426
481
395
759
206
865
102
66
442
716
596
820
487
264
347
214
467
588
691
417
921
911
932
732
236
651
59
678
274
695
343
983
962
983
754
399
469
805
297
434
429
710
955
716
266
90
643
549
346
743
260
37
121
271
717
504
840
35
983
912
275
760
524
532
536
608
566
200
254
727
291
109
175
170
345
347
903
336
648
856
698
371
845
67
580
311
646
539
422
487
787
693
976
577
909
839
602
472
893
761
250
39
953
210
82
2
796
300
161
294
474
231
750
845
979
965
955
862
531
764
206
390
663
174
307
292
939
689
37
642
208
477
784
802
521
657
544
673
422
638
833
595
470
330
475
828
774
309
390
966
961
388
437
748
243
401
597
252
574
842
330
240
636
244
160
662
671
603
401
242
267
212
33
278
288
495
800
366
505
141
155
538
351
724
463
863
680
763
568
842
104
39
231
176
215
412
249
425
333
989
809
334
393
280
872
280
551
397
566
999
561
637
663
699
848
272
586
665
577
688
88
261
420
516
589
395
545
333
985
983
460
324
595
846
41
314
46
604
219
264
691
430
726
852
349
233
611
970
404
70
955
952
98
119
752
570
251
179
804
23
882
436
236
349
528
154
918
586
511
487
238
117
996
298
718
258
823
268
942
644
843
864
988
582
6
184
574
586
825
961
563
537
971
497
74
359
823
528
795
23
902
506
987
273
741
616
433
901
930
739
443
938
795
143
446
806
495
791
890
243
602
224
994
508
785
954
850
908
573
978
418
297
853
652
31
798
324
815
197
582
447
545
554
663
494
498
516
445
821
747
109
553
16
702
803
858
180
715
363
241
537
773
894
722
403
387
515
463
468
33
634
435
812
58
157
705
466
445
698
159
501
88
374
652
864
311
946
129
639
277
457
779
810
37
116
96
353
69
934
421
285
78
995
999
197
812
726
973
731
585
20
96
636
217
843
338
181
818
278
657
548
481
602
487
688
27
734
994
571
134
901
719
708
545
563
379
679
388
496
387
357
995
854
67
430
476
249
510
844
882
776
977
529
606
575
643
754
0
440
726
40
432
503
887
879
288
286
399
392
490
382
676
820
916
98
235
996
448
733
988
28
714
566
762
29
955
575
498
585
242
189
827
113
522
579
659
441
171
810
765
74
190
948
113
34
492
785
635
183
820
223
525
347
697
440
132
696
523
801
233
718
359
429
265
522
184
493
642
119
527
333
971
829
491
733
130
877
213
960
479
52
523
509
512
218
147
382
231
465
720
584
333
274
649
460
828
505
739
35
873
270
432
519
498
130
417
704
14
868
805
638
79
786
912
374
612
252
837
245
115
396
446
199
843
831
18
951
432
692
704
920
45
620
447
817
678
152
640
179
642
787
196
202
952
152
194
340
486
810
904
504
73
640
262
716
219
387
263
290
689
375
239
667
675
218
849
900
116
121
450
125
921
222
520
202
459
810
667
331
31
989
729
71
522
107
377
209
592
890
4
876
51
745
246
381
429
486
992
10
326
35
153
50
957
971
698
393
637
383
470
108
689
243
60
360
963
159
126
848
284
688
406
988
377
983
387
22
16
247
458
575
622
918
204
608
333
488
764
723
872
337
355
350
12
266
165
93
540
855
163
926
355
814
215
972
215
961
102
83
657
418
320
650
692
265
475
659
901
238
829
493
607
99
264
940
656
516
968
772
329
986
213
417
3
72
915
660
299
482
600
531
456
370
479
69
718
290
240
310
493
402
913
133
845
265
544
872
98
728
3
486
974
288
703
175
852
713
168
81
699
404
204
112
50
771
198
438
340
545
384
546
834
493
832
72
746
95
606
50
2
409
576
326
929
105
771
427
758
601
824
738
348
730
968
598
436
650
77
754
965
53
166
717
179
688
417
791
631
773
956
664
832
496
715
905
741
379
572
15
452
790
169
498
159
843
372
206
491
749
214
454
132
660
465
434
148
701
204
809
132
812
123
445
164
528
467
225
241
12
575
901
294
503
880
918
177
866
536
399
383
20
85
445
483
824
736
236
143
951
874
746
144
994
629
406
290
664
520
334
168
203
829
146
360
736
604
438
274
646
852
653
463
639
249
811
92
308
49
125
942
955
782
564
853
472
701
673
140
848
631
646
453
788
185
866
614
765
180
88
406
307
67
389
576
447
159
922
342
993
30
915
944
651
533
386
788
260
981
358
61
81
982
753
385
89
793
